# Set of parameters:
#  for creating data with GPU based GB model based of FastGB. Data will be created on the fly.
#  Provide:
#          - default parameters
#          - parameter ranges
#          - specify which parameters vary
#
# VB3 AMCVn 

tvec:
    dt:      15.0         # Cadence
    Tobs:    1.0 # #31536000.0

estimate:                  # Choose if the parameters in the model are unknown and we have to estimate them, 
                           # or if we fix them to some initial value: 0 -- fixed, 1 -- vary
    amp:      0
    f0:       1
    fdot:     1
    fddot:    0
    phi0:     0
    iota:     0
    psi:      0
    lam:      1
    beta:     1

default:                   # Default values for the parameters of the model

    amp:      9.920753733951951e-23        # amplitude
    f0:       0.004821699107149872            # initial frequency
    fdot:     2.5378249511019894e-16            # frequency derivative 
    fddot:    0.0              # second derivative of the frequency
    phi0:     4.830600316082553             # initial phase
    iota:     1.4686945655532282             # inclination
    psi:      5.088202331694798             # polarisation angle
    lam:      3.5784075522268592             # ecliptic longitude 
    beta:     1.154738282986135          # ecliptic latitude

limits:

    min:
      #fvec:     0.010053 #0.01005481887366819
      amp:      1.e-24    
      #f0:       0.010062 # -1.9973  
      fsamp:     0.004817669459929836
      fdot:     1.e-20 #-1.e-14     
      phi0:     0.0       
      psi:      1.0        
      lam:      0.0          
      beta_sin: -1.0
      iota_cos: -1.0
      a_s:      -2.  # -20

    max:
      #fvec:      0.010094 #0.01008218112633181 
      amp:       1.e-21      
      #f0:        0.010085 # -1.9963
      fsamp:     0.004825660328776689
      fdot:      1.e-14          
      phi0:      2.0         # TODO do not forget to add pi                     
      psi:       2.0         # TODO do not forget to add pi  
      lam:       2.0         # TODO do not forget to add pi 
      beta_sin:  1.0
      iota_cos:  1.0
      a_s:       2.  # -20

